1.0 2.0127853758499386e-09 0.00041711246120565334
2.154434690031884 1.1236548001387515e-09 9.712740198471168e-05
4.641588833612778 6.272899858196256e-10 1.6898497868124623e-05
10.0 4.686904192314192e-10 3.934927263095853e-06
21.544346900318832 3.5019004614317203e-10 6.846096838574672e-07
46.41588833612777 2.6165046987488236e-10 1.5941590374559995e-07
100.0 1.9549661430912595e-10 2.773562614198418e-08
215.44346900318823 1.460686320364986e-10 4.825522042741279e-09
464.15888336127773 1.460686320364986e-10 6.272899858196256e-10
1000.0 1.0 0.0
